1 1 00 0
3 1 39 0
1 0 06 0
0 0 36 0
2 0 22 0
0 0 55 1
0 1 01 0
3 0 05 0
0 0 55 1
0 0 55 1
1 1 26 0
1 0 13 0
--
3 1 03 0
3 1 33 0
0 1 00 0
0 0 39 0
0 0 55 1
0 0 15 0
0 1 04 0
0 0 55 1
2 0 08 0
0 0 24 0
1 0 02 0
0 0 55 1
--
1 1 05 0
0 0 55 1
2 1 29 0
0 0 00 0
0 0 55 1
3 0 38 0
0 0 01 0
3 1 15 0
3 0 22 0
0 1 14 0
0 0 55 1
0 0 06 0
--
0 0 55 1
0 0 55 1
0 0 55 1
0 1 40 0
3 1 11 0
3 0 36 0
1 1 04 0
1 1 07 0
3 0 05 0
0 1 03 0
0 1 38 0
0 0 00 0
--
3 0 05 0
1 1 02 0
0 0 55 1
3 1 42 0
0 0 08 0
0 1 06 0
2 1 38 0
3 0 30 0
2 0 18 0
0 0 55 1
0 0 00 0
0 0 55 1
--
0 0 55 1
3 1 38 0
0 1 06 0
0 0 55 1
0 0 03 0
0 0 55 1
2 1 02 0
3 0 30 0
3 0 00 0
3 0 08 0
3 1 31 0
3 0 10 0
--
2 0 06 0
3 1 00 0
0 0 26 0
0 0 29 0
0 0 08 0
3 1 39 0
0 0 55 1
2 1 05 0
0 0 55 1
3 1 30 0
0 0 55 1
0 0 02 0
--
1 1 03 0
3 0 38 0
0 0 04 0
0 0 55 1
0 1 06 0
3 1 40 0
0 0 55 1
0 0 55 1
2 0 00 0
0 0 18 0
0 1 09 0
3 0 21 0
--
3 0 12 0
0 0 55 1
0 0 26 0
0 0 03 0
0 1 00 0
0 0 55 1
2 1 35 0
0 0 55 1
0 0 55 1
0 0 13 0
0 0 17 0
0 0 04 0
--
1 1 01 0
0 0 55 1
3 0 40 0
3 0 04 0
0 0 55 1
0 0 02 0
1 0 00 0
3 1 26 0
0 0 55 1
0 0 55 1
3 1 16 0
2 0 34 0
--
0 0 55 1
0 0 55 1
0 1 04 0
0 1 39 0
0 0 55 1
0 0 13 0
0 0 00 0
0 1 11 0
0 0 33 0
3 0 27 0
0 1 06 0
0 0 55 1
--
2 1 09 0
1 1 00 0
1 0 06 0
0 0 39 0
0 0 03 0
0 0 55 1
0 0 55 1
0 0 55 1
0 0 41 0
0 0 55 1
3 0 21 0
0 0 28 0
--
2 1 24 0
1 1 07 0
0 0 55 1
0 1 38 0
0 0 55 1
3 0 36 0
0 0 55 1
1 0 14 0
3 0 00 0
0 0 55 1
0 1 02 0
0 0 04 0
--
0 0 55 1
0 1 00 0
0 0 55 1
0 0 33 0
0 1 05 0
0 0 55 1
0 0 55 1
3 0 28 0
1 0 03 0
0 0 23 0
0 0 36 0
1 0 02 0
--
3 1 17 0
0 0 55 1
0 0 55 1
2 1 05 0
2 0 11 0
3 0 36 0
1 0 04 0
1 0 00 0
1 0 02 0
0 0 55 1
0 0 55 1
2 0 38 0
--
1 1 00 0
0 0 55 1
2 1 28 0
0 0 04 0
2 0 22 0
0 0 01 0
1 0 03 0
0 0 55 1
0 0 55 1
1 0 27 0
0 0 55 1
0 0 05 0
--
0 0 02 0
0 0 55 1
0 0 05 0
0 0 55 1
0 0 55 1
2 1 14 0
0 0 55 1
0 0 55 1
3 0 07 0
0 1 24 0
0 0 00 0
1 0 11 0
--
1 1 00 0
1 1 35 0
0 0 55 1
0 0 55 1
2 0 22 0
0 0 09 0
0 1 05 0
0 0 55 1
0 0 55 1
0 1 04 0
0 0 55 1
0 0 01 0
--
1 0 10 0
1 1 03 0
0 1 06 0
0 0 55 1
3 0 32 0
0 0 55 1
0 0 55 1
0 0 55 1
2 0 00 0
3 0 08 0
3 0 30 0
0 0 55 1
--
0 0 55 1
3 0 42 0
0 0 55 1
0 0 20 0
0 0 05 0
0 0 55 1
0 1 01 0
0 0 55 1
2 0 08 0
0 0 55 1
3 0 30 0
1 0 00 0
--
0 0 28 0
0 0 55 1
0 0 55 1
3 1 02 0
0 0 55 1
0 0 55 1
1 0 00 0
0 0 55 1
2 0 04 0
0 0 01 0
0 0 55 1
2 0 34 0
--
0 0 55 1
1 0 33 0
0 0 55 1
1 0 36 0
0 0 55 1
1 1 04 0
0 0 55 1
0 0 55 1
3 0 00 0
3 1 02 0
0 0 12 0
0 0 55 1
--
0 0 55 1
0 0 55 1
0 0 55 1
2 0 04 0
0 1 00 0
0 0 55 1
0 1 07 0
0 0 55 1
0 0 19 0
0 0 55 1
1 1 06 0
2 0 03 0
--
2 0 01 0
0 0 55 1
1 1 03 0
0 0 55 1
2 0 22 0
0 0 55 1
0 1 06 0
2 1 24 0
0 0 55 1
0 0 55 1
1 1 00 0
0 0 55 1
--
3 1 00 0
3 0 09 0
0 0 55 1
3 0 01 0
0 0 55 1
0 0 55 1
0 0 05 0
0 0 55 1
0 0 55 1
3 1 03 0
0 0 55 1
0 0 55 1
--
0 0 55 1
2 1 06 0
0 0 55 1
2 0 07 0
0 0 55 1
0 0 55 1
0 1 00 0
0 0 55 1
0 0 55 1
3 0 04 0
0 0 11 0
0 0 55 1
--
2 0 01 0
0 0 55 1
0 0 55 1
3 0 17 0
0 0 55 1
0 0 55 1
0 1 03 0
0 0 55 1
0 0 55 1
0 0 55 1
1 1 00 0
1 0 22 0
--
2 1 06 0
2 0 22 0
1 0 03 0
2 0 01 0
0 0 55 1
0 0 55 1
0 0 55 1
0 0 55 1
0 0 55 1
0 0 55 1
1 1 00 0
0 0 55 1
--
0 1 27 0
0 0 55 1
0 0 55 1
2 0 00 0
0 0 55 1
0 0 55 1
0 0 55 1
0 0 55 1
2 0 02 0
0 0 55 1
0 0 55 1
2 0 14 0
--
0 0 55 1
1 0 05 0
0 0 55 1
2 0 03 0
0 1 00 0
0 0 55 1
0 0 55 1
0 0 55 1
0 0 55 1
0 0 55 1
0 0 55 1
1 0 18 0